   	      	                              fitness                              	                      size                     
   	      	-------------------------------------------------------------------	-----------------------------------------------
gen	nevals	avg        	gen	max        	min    	nevals	std        	avg	gen	max	min	nevals	std    
0  	5     	3.76822e+25	0  	1.88411e+26	62.5252	5     	7.53645e+25	17 	0  	42 	2  	5     	17.0059
0  	2     	64.6031    	0  	72.9147    	62.5252	2     	4.15582    	2.4	0  	4  	2  	2     	0.8    
1  	4     	62.5252    	1  	62.5252    	62.5252	4     	0          	2  	1  	2  	2  	4     	0      
2  	4     	119.433    	2  	355.585    	54.0024	4     	118.122    	3.4	2  	9  	2  	4     	2.8    
3  	4     	56.322     	3  	59.3538    	54.0024	4     	2.3546     	3.2	3  	5  	2  	4     	1.16619
4  	2     	54.0024    	4  	54.0024    	54.0024	2     	7.10543e-15	2  	4  	2  	2  	2     	0      
5  	4     	54.8038    	5  	74.466     	37.5457	4     	11.7164    	2.8	5  	5  	2  	4     	1.16619
