  0.100000  0.100000  0.100000  0.150000  0.020000  0.020000 6.5   
  0.100000  0.900000  0.150000  0.900000  0.020000  0.020000 4.0   
  0.900000  0.800000  0.850000  0.800000  0.020000  0.020000 11.7   
  0.100000  0.500000  0.900000  0.500000  0.020000  0.020000 8.6   
  0.450000  0.500000  0.550000  0.500000  0.020000  0.020000 5.0   
  0.700000  0.300000  0.200000  0.800000  0.020000  0.020000 10.3   
  0.600000  0.600000  0.600000  0.500000  0.020000  0.020000 3.7   
  0.350000  0.650000  0.350000  0.350000  0.020000  0.020000 13.5   
  0.400000  0.100000  0.600000  0.800000  0.020000  0.020000 9.6  
  0.600000  0.100000  0.500000  0.600000  0.020000  0.020000 9.4   
  0.500000  0.200000  0.500000  0.800000  0.020000  0.020000 8.4   
