  0.100000  0.100000  0.100000  0.150000  0.020000  0.020000 6.217465 
  0.100000  0.900000  0.150000  0.900000  0.020000  0.020000 4.335158 
  0.900000  0.800000  0.850000  0.800000  0.020000  0.020000 11.766316 
  0.100000  0.500000  0.900000  0.500000  0.020000  0.020000 8.653247 
  0.450000  0.500000  0.550000  0.500000  0.020000  0.020000 2.014632 
  0.700000  0.300000  0.200000  0.800000  0.020000  0.020000 6.606482 
  0.600000  0.600000  0.600000  0.500000  0.020000  0.020000 2.730943 
  0.350000  0.650000  0.350000  0.350000  0.020000  0.020000 10.583117 
  0.400000  0.100000  0.600000  0.800000  0.020000  0.020000 9.682449 
  0.600000  0.100000  0.500000  0.600000  0.020000  0.020000 9.436750 
  0.500000  0.200000  0.500000  0.800000  0.020000  0.020000 8.450723 
