   	      	                    fitness                    	                      size                      
   	      	-----------------------------------------------	------------------------------------------------
gen	nevals	avg    	gen	max	min  	nevals	std    	avg	gen	max	min	nevals	std     
0  	10    	58.3227	0  	70 	7.625	10    	23.4226	3.6	0  	12 	2  	10    	2.87054 
0  	5     	34.1705	0  	70 	7.625	5     	29.3994	2.9	0  	4  	2  	5     	0.538516
1  	8     	38.8125	1  	70 	7.625	8     	31.1875	3  	1  	4  	2  	8     	0.447214
2  	8     	20.327 	2  	72.27	7.625	8     	25.4091	5.2	2  	18 	2  	8     	4.77074 
3  	6     	11.6695	3  	48.0703	7.625	6     	12.1336	2.8	3  	4  	2  	6     	0.6     
4  	7     	14.7793	4  	72.27  	7.625	7     	19.2734	3.4	4  	6  	2  	7     	1.11355 
   	      	                            fitness                            	                      size                     
   	      	---------------------------------------------------------------	-----------------------------------------------
gen	nevals	avg         	gen	max         	min    	nevals	std    	avg 	gen	max	min	nevals	std    
0  	10    	1.08519e+306	0  	1.08519e+307	7.75151	10    	inf    	16.9	0  	52 	3  	10    	17.2595
0  	7     	51.8929     	0  	70          	7.75151	7     	27.6978	17.6	0  	37 	3  	7     	12.7373
