   	      	                    fitness                    	                      size                     
   	      	-----------------------------------------------	-----------------------------------------------
gen	nevals	avg    	gen	max    	min    	nevals	std    	avg 	gen	max	min	nevals	std    
0  	5     	182.469	0  	346.885	36.2756	5     	137.378	26.4	0  	68 	4  	5     	21.8229
0  	4     	39.7671	0  	45.8152	36.1321	4     	4.36023	18.4	0  	26 	7  	4     	6.52993
1  	4     	36.3084	1  	36.6367	36.1201	4     	0.219804	23  	1  	31 	13 	4     	6.22896
2  	2     	36.1249	2  	36.1382	36.1201	2     	0.00703435	21  	2  	29 	13 	2     	5.05964
3  	2     	36.1201	3  	36.1321	36.1082	2     	0.00756406	21  	3  	23 	19 	2     	1.26491
4  	2     	36.3505	4  	37.3199	36.1082	2     	0.484711  	18.8	4  	35 	2  	2     	10.4384
5  	2     	36.0822	5  	36.1082	35.9961	2     	0.0435792 	19  	5  	20 	18 	2     	0.632456
